
Predictions(GD) 	 Predictions(C) 	 True Value
0.216868			 0.264186			 0.233916
3.61061			 3.61674			 3.57004
0.504803			 0.502222			 0.450149
3.15783			 3.16826			 3.15166
0.506228			 0.503383			 0.467938
1.97095			 1.96937			 2.00864
0.448255			 0.455611			 0.443675
2.31396			 2.3207			 2.35817
0.754929			 0.740126			 0.704604
1.26409			 1.25809			 1.26075
0.190368			 0.178599			 0.180317
0.56942			 0.556617			 0.55534
5.50544			 5.52299			 5.47738
0.595902			 0.580421			 0.551146
3.28595			 3.29526			 3.2597
5.8219			 5.84257			 5.79829
1.20278			 1.19791			 1.21222
1.82553			 1.82041			 1.81554
1.5874			 1.57872			 1.62541
6.22482			 6.24442			 6.20698
0.382467			 0.392398			 0.373292
6.80451			 6.80477			 6.83659
0.292664			 0.288297			 0.301841
4.72344			 4.72984			 4.77162
1.38125			 1.37333			 1.40304
1.3796			 1.3717			 1.36842
0.3348			 0.336117			 0.318424
0.490583			 0.49066			 0.470227
0.229777			 0.267677			 0.258078
0.634757			 0.617116			 0.593788
0.496914			 0.495805			 0.44319
0.185825			 0.138861			 0.256083
2.65217			 2.66347			 2.7008
0.20259			 0.240075			 0.204743
0.941063			 0.936021			 0.975967
2.14668			 2.14962			 2.16272
0.199973			 0.231182			 0.21702
1.29933			 1.29268			 1.3084
0.403143			 0.414049			 0.382377
2.50228			 2.51214			 2.55045
0.30931			 0.305628			 0.342799
1.32964			 1.32248			 1.30011
3.5453			 3.55204			 3.53003
0.219243			 0.265599			 0.249696
3.84095			 3.84522			 3.84383
0.919394			 0.913598			 0.912054
0.266279			 0.27013			 0.244389
0.176139			 0.00619455			 0.224471
0.51717			 0.512331			 0.540024
1.93462			 1.93211			 1.91075
4.10205			 4.10527			 4.13681
1.08508			 1.08172			 1.03712
1.25376			 1.24795			 1.23473
2.278			 2.28399			 2.26315
0.228666			 0.26767			 0.29617
0.567659			 0.555069			 0.527297
0.51947			 0.514222			 0.492732
5.77607			 5.79645			 5.75385
0.614895			 0.598105			 0.558744
0.505068			 0.502438			 0.47046
0.611816			 0.595204			 0.628159
1.124			 1.12032			 1.12735
1.65313			 1.64502			 1.63073
0.911397			 0.905289			 0.882007
4.71986			 4.72622			 4.71047
3.34391			 3.35266			 3.39566
1.06857			 1.06527			 1.08054
0.439199			 0.447759			 0.415238
0.2869			 0.283174			 0.269458
4.96977			 4.97936			 4.94966
4.00293			 4.00639			 3.97249
1.32438			 1.3173			 1.3601
0.402946			 0.413851			 0.400066
4.11233			 4.11553			 4.08948
0.755946			 0.741201			 0.71945
1.91292			 1.90987			 1.87783
0.923814			 0.918184			 0.955833
0.340461			 0.343083			 0.3052
0.283273			 0.280246			 0.344623
0.197356			 0.22027			 0.243729
0.252802			 0.26681			 0.21973
2.45224			 2.4614			 2.49599
6.81792			 6.81739			 6.8602
1.22833			 1.223			 1.18069
3.47384			 3.48129			 3.43815
6.41427			 6.43035			 6.40515
0.237243			 0.267202			 0.258454
0.259098			 0.267841			 0.243109
6.3699			 6.38702			 6.33671
2.38804			 2.39617			 2.34309
4.68196			 4.68791			 4.63786
3.19565			 3.20577			 3.19816
0.344136			 0.347596			 0.368942
2.47289			 2.48235			 2.45374
0.630471			 0.612971			 0.645696
3.69002			 3.69543			 3.67626
5.21671			 5.23003			 5.18562
1.46495			 1.45624			 1.50052
0.347714			 0.35197			 0.322444
2.24839			 2.25373			 2.27818
0.18216			 0.0974014			 0.190136
2.10432			 2.10619			 2.10117
5.75982			 5.78008			 5.72066
0.928606			 0.923148			 0.872828
0.374834			 0.383926			 0.340969
2.13842			 2.14115			 2.13211
0.749199			 0.734073			 0.707095
2.39293			 2.40114			 2.39263
0.33376			 0.334838			 0.327082
0.910244			 0.904089			 0.878979
0.549786			 0.539598			 0.52547
1.67281			 1.66495			 1.6651
3.75545			 3.76033			 3.78647
3.86614			 3.87026			 3.91893
0.352147			 0.357354			 0.323471
0.256061			 0.267234			 0.225626
0.272315			 0.272991			 0.328657
0.471347			 0.474954			 0.446859
0.39237			 0.403004			 0.378139
6.48519			 6.49932			 6.46899
1.34074			 1.3334			 1.29553
0.822786			 0.812101			 0.831778
2.17933			 2.18306			 2.19561
0.200239			 0.232174			 0.19065
5.12697			 5.13891			 5.15452
1.57999			 1.57127			 1.60771
0.524175			 0.518102			 0.473418
0.21304			 0.260736			 0.248201
0.338594			 0.340788			 0.381691
3.39498			 3.40322			 3.36898
3.82229			 3.82669			 3.83231
0.180589			 0.076611			 0.206714
2.53277			 2.54299			 2.56471
0.379991			 0.389678			 0.376689
0.529549			 0.522556			 0.479257
4.83168			 4.83938			 4.81788
0.98308			 0.979099			 0.924444
4.09577			 4.099			 4.086
0.31232			 0.309061			 0.314985
1.40569			 1.39748			 1.35169
0.23004			 0.267674			 0.263183
0.732423			 0.71641			 0.704336
0.303627			 0.29936			 0.320786
0.232355			 0.26759			 0.283406
5.33181			 5.34689			 5.32465
3.86248			 3.86662			 3.81661
0.305896			 0.301827			 0.356159
1.9303			 1.92768			 1.94976
0.243151			 0.266719			 0.290897
0.353959			 0.359541			 0.312756
0.390665			 0.40121			 0.378473
0.203979			 0.244074			 0.265108
0.180846			 0.0801571			 0.207022
1.68319			 1.67547			 1.66198
0.550069			 0.53984			 0.532373
5.25702			 5.27096			 5.21813
1.12429			 1.12061			 1.15959
2.09492			 2.09655			 2.0738
1.59349			 1.58485			 1.6189
5.18429			 5.19712			 5.23298
0.576675			 0.563039			 0.579097
1.8826			 1.87881			 1.84821
1.09245			 1.08905			 1.07971
1.75428			 1.74772			 1.78127
0.400826			 0.411716			 0.44223
1.01131			 1.00775			 0.995912
1.48814			 1.47934			 1.46018
3.65045			 3.65621			 3.6182
1.92781			 1.92513			 1.95008
0.457006			 0.463037			 0.469959
0.958456			 0.953917			 0.943108
0.244277			 0.266657			 0.248052
4.15334			 4.1565			 4.15243
0.211024			 0.258203			 0.238177
0.974242			 0.970081			 0.963731
0.220436			 0.266138			 0.203959
2.11014			 2.11216			 2.14594
0.194326			 0.204678			 0.194049
5.49776			 5.5152			 5.48865
6.48866			 6.50268			 6.52968
1.99796			 1.99709			 2.04113
2.77959			 2.79144			 2.73388
0.635811			 0.61814			 0.657948
2.69377			 2.70532			 2.74657
0.223949			 0.267188			 0.272817
4.93177			 4.94082			 4.94325
1.59963			 1.59103			 1.55464
0.179413			 0.059732			 0.156757
0.44854			 0.455855			 0.405768
0.461703			 0.46697			 0.425095
0.268168			 0.270934			 0.254414
0.819355			 0.808463			 0.793715
5.47237			 5.48947			 5.50166
2.88234			 2.89419			 2.9124
0.467567			 0.471838			 0.511859
4.48498			 4.48922			 4.47225
4.32857			 4.332			 4.36681
2.42912			 2.43792			 2.47715
0.312638			 0.309427			 0.289954
0.595097			 0.579683			 0.537277
4.02284			 4.02624			 3.98353
0.857939			 0.84928			 0.807
0.604008			 0.587906			 0.552949
3.87518			 3.87925			 3.92281
0.447164			 0.454675			 0.452571
1.59277			 1.58412			 1.60191
1.3132			 1.30631			 1.32325
1.62155			 1.61312			 1.61977
0.452809			 0.459494			 0.426928
1.75664			 1.75011			 1.78518
0.414607			 0.425269			 0.416743
1.50275			 1.4939			 1.45352
0.330358			 0.330659			 0.380033
1.84788			 1.84327			 1.85303
3.1713			 3.18163			 3.15161
1.02918			 1.02579			 1.05732
0.648209			 0.63027			 0.613226
1.56477			 1.55598			 1.54644
0.335565			 0.337059			 0.301951
1.25783			 1.25194			 1.24842
2.11872			 2.12096			 2.1125
0.514196			 0.509893			 0.517396
0.269341			 0.271476			 0.301686
1.14395			 1.14002			 1.09422
0.315975			 0.313314			 0.318222
5.84183			 5.86261			 5.79665
0.193652			 0.200721			 0.178053
2.60339			 2.61433			 2.64203
0.241698			 0.266817			 0.293196
1.57128			 1.56251			 1.59825
0.283106			 0.280116			 0.324882
2.90062			 2.91244			 2.88256
0.437856			 0.446578			 0.460946
1.1753			 1.1709			 1.12047
0.346946			 0.351033			 0.317648
0.188828			 0.166413			 0.211003
1.78181			 1.77578			 1.80663
2.65555			 2.66688			 2.69797
0.202573			 0.240024			 0.259305
1.64082			 1.63258			 1.66988
1.73607			 1.72917			 1.7082
0.790254			 0.777572			 0.735241
0.319397			 0.317368			 0.301103
0.575209			 0.561735			 0.572884
0.952566			 0.947867			 0.907138
1.82603			 1.82093			 1.82609
1.26299			 1.25701			 1.29414
0.255894			 0.267207			 0.29819
0.22419			 0.267235			 0.278997
4.66909			 4.6749			 4.64773
0.636171			 0.618489			 0.596784
0.538595			 0.530117			 0.516564
0.285374			 0.281913			 0.247204
0.659948			 0.641917			 0.631001
0.66499			 0.646963			 0.685326
3.62651			 3.63248			 3.67842
1.15997			 1.15582			 1.17428
0.235895			 0.267324			 0.234045
0.468877			 0.472919			 0.49728
0.759795			 0.745272			 0.720459
2.93202			 2.94376			 2.92282
0.836914			 0.827069			 0.834761
0.367897			 0.376008			 0.371194
1.36566			 1.35795			 1.40474
0.525765			 0.519416			 0.489879
0.293323			 0.288915			 0.260036
2.09893			 2.10067			 2.1395
0.532352			 0.52489			 0.564838
1.36402			 1.35633			 1.31317
0.263016			 0.268939			 0.298593
2.70859			 2.72021			 2.71488
0.227144			 0.267604			 0.283662
3.15164			 3.16213			 3.18858
0.718451			 0.701785			 0.672824
0.198263			 0.224302			 0.261937
0.729027			 0.712847			 0.678313
1.31903			 1.31205			 1.29129
0.246309			 0.266586			 0.287534
0.494152			 0.49356			 0.500013
0.23087			 0.267656			 0.234289
1.62181			 1.61338			 1.64149
2.7547			 2.76649			 2.79951
0.268171			 0.270935			 0.30514
6.59485			 6.60521			 6.61773
4.29086			 4.29418			 4.33314
0.849506			 0.840382			 0.863287
0.58872			 0.573866			 0.606946
0.857016			 0.848308			 0.873372
0.412381			 0.423131			 0.394908
0.290064			 0.285919			 0.329578
2.70119			 2.71278			 2.67529
1.00139			 0.997712			 1.01165
1.86498			 1.86076			 1.91174
0.991448			 0.987617			 1.0276
1.02382			 1.02039			 1.05871
1.17993			 1.17545			 1.12432
6.52345			 6.53637			 6.48455
0.47462			 0.477641			 0.474914
0.247575			 0.266572			 0.282349
0.572221			 0.559087			 0.559465
0.205724			 0.248468			 0.206653
1.28034			 1.27403			 1.27772
0.246192			 0.266589			 0.245631
4.01835			 4.02176			 4.00757
0.209601			 0.25606			 0.194804
0.636624			 0.618929			 0.618747
1.40014			 1.39199			 1.38542
1.77221			 1.76598			 1.72467
2.21253			 2.21706			 2.24469
1.2284			 1.22307			 1.22387
2.15159			 2.15465			 2.11866
1.26804			 1.26196			 1.23225
0.35275			 0.358083			 0.374662
1.81059			 1.80515			 1.7897
2.39032			 2.39848			 2.42593
2.6205			 2.63158			 2.66357
0.22944			 0.267678			 0.263381
0.574838			 0.561406			 0.538662
0.319132			 0.317051			 0.294417
1.3713			 1.36352			 1.31736
2.41324			 2.42179			 2.36715
6.80879			 6.80879			 6.77505
5.31731			 5.33217			 5.28414
0.227627			 0.267633			 0.255463
0.212761			 0.260417			 0.253116
1.12636			 1.12265			 1.07604
0.745808			 0.730495			 0.746138
1.58102			 1.5723			 1.59604
1.44225			 1.4337			 1.48507
0.272525			 0.273106			 0.257714
0.536071			 0.527999			 0.563601
5.58562			 5.60417			 5.62934
5.27006			 5.2842			 5.26222
0.478814			 0.481075			 0.501196
0.694409			 0.67687			 0.634605
1.75739			 1.75088			 1.73713
0.396787			 0.407594			 0.402273
6.15412			 6.17448			 6.19542
1.64175			 1.63352			 1.6168
0.218259			 0.265072			 0.261881
5.20465			 5.21778			 5.22658
0.27453			 0.27425			 0.31548
0.72558			 0.709236			 0.736853
0.227043			 0.267597			 0.234052
0.505107			 0.50247			 0.533639
0.424803			 0.43483			 0.449783
1.53612			 1.52725			 1.56977
0.802101			 0.790151			 0.75448
0.880297			 0.872796			 0.852219
2.50879			 2.51873			 2.49954
0.266227			 0.270108			 0.289241
0.262112			 0.268653			 0.318615
2.43053			 2.43936			 2.38726
0.473783			 0.476955			 0.519229
2.85193			 2.86381			 2.90282
0.666682			 0.648662			 0.696562
1.01291			 1.00938			 0.969102
4.63294			 4.6384			 4.61481
1.79269			 1.78687			 1.7571
0.713803			 0.696941			 0.71331
0.820138			 0.809294			 0.799781
0.490512			 0.490602			 0.4737
0.528762			 0.521902			 0.529723
1.29229			 1.28577			 1.26923
1.9025			 1.89919			 1.93028
0.183936			 0.118659			 0.172202
0.460801			 0.466218			 0.440115
2.35402			 2.36153			 2.34754
0.416604			 0.427171			 0.423299
0.231349			 0.267639			 0.238876
0.333338			 0.334319			 0.375741
0.491611			 0.491495			 0.442011
3.67768			 3.6832			 3.73071
0.890858			 0.883859			 0.903681
1.14007			 1.13619			 1.09586
0.801676			 0.7897			 0.765316
0.177106			 0.0230676			 0.227121
0.850059			 0.840966			 0.853453
0.912713			 0.906657			 0.936923
0.467374			 0.471678			 0.433745
0.254093			 0.266951			 0.311574
0.498344			 0.496967			 0.520421
5.17521			 5.18789			 5.16096
0.221161			 0.266417			 0.283276
0.761898			 0.747498			 0.757476
0.740132			 0.724514			 0.7287
0.275908			 0.275089			 0.279642
2.6886			 2.70012			 2.68766
2.01447			 2.01402			 2.05592
3.20498			 3.21503			 3.20414
2.29201			 2.29829			 2.28764
1.39853			 1.3904			 1.34289
0.731507			 0.715448			 0.707544
3.14905			 3.15955			 3.11767
4.97189			 4.98151			 4.93687
0.437031			 0.44585			 0.403048
1.63994			 1.63169			 1.63587
1.70372			 1.69629			 1.69246
4.46654			 4.47065			 4.43937
4.79692			 4.80419			 4.80704
4.80184			 4.80918			 4.82371
1.56015			 1.55134			 1.54817
6.02568			 6.04674			 6.06502
2.63198			 2.64315			 2.65416
0.522564			 0.516771			 0.4761
0.472673			 0.476044			 0.454374
5.54539			 5.56345			 5.56616
3.45614			 3.46377			 3.4142
3.66266			 3.66831			 3.63848
0.315452			 0.3127			 0.310514
3.36972			 3.37822			 3.41632
5.85898			 5.87984			 5.85276
0.211079			 0.258278			 0.182816
0.371266			 0.379877			 0.408852
2.32441			 2.33135			 2.28297
0.761165			 0.746722			 0.742088
4.34774			 4.35124			 4.33426
0.39626			 0.407051			 0.350021
1.51915			 1.51028			 1.47289
5.00141			 5.01146			 4.97553
1.40641			 1.39819			 1.37441
3.19011			 3.20028			 3.2329
1.70948			 1.70215			 1.65686
1.78884			 1.78295			 1.80504
0.246053			 0.266592			 0.240091
2.87251			 2.88438			 2.8568
0.44278			 0.450887			 0.435402
0.969515			 0.965248			 0.966983
0.439474			 0.448			 0.436722
0.319528			 0.317524			 0.319136
0.920365			 0.914606			 0.945679
0.495301			 0.494494			 0.488552
0.346742			 0.350784			 0.320436
0.314779			 0.311913			 0.360761
3.45071			 3.4584			 3.44968
4.17995			 4.18312			 4.18442
1.13503			 1.13122			 1.14228
0.250354			 0.266635			 0.309787
1.13423			 1.13042			 1.12084
2.98624			 2.99778			 3.03126
1.35819			 1.35059			 1.35204
5.05171			 5.06251			 5.06523
0.694112			 0.676563			 0.653016
0.462893			 0.467961			 0.436254
1.09696			 1.09352			 1.12821
1.11465			 1.11106			 1.14962
4.75621			 4.76299			 4.76137
0.615212			 0.598404			 0.629067
1.63006			 1.62171			 1.58388
0.904903			 0.898526			 0.913681
1.82833			 1.82328			 1.85488
1.73392			 1.72699			 1.71141
0.319501			 0.317492			 0.353709
0.18843			 0.163059			 0.213559
1.13921			 1.13534			 1.17471
0.386734			 0.397022			 0.420379
0.389901			 0.400401			 0.377219
0.23539			 0.267368			 0.22678
0.511399			 0.507604			 0.521262
3.5248			 3.53175			 3.49534
0.367782			 0.375874			 0.362582
3.70391			 3.70921			 3.72788
0.41737			 0.427896			 0.387995
0.805796			 0.794074			 0.810134
3.89285			 3.89682			 3.90347
2.04359			 2.0439			 2.05719
0.800711			 0.788675			 0.79654
2.67413			 2.68558			 2.70706
0.757067			 0.742386			 0.771663
0.250665			 0.266651			 0.254229
3.79225			 3.79686			 3.77535
0.253838			 0.26692			 0.3056
0.593171			 0.57792			 0.619448
0.685737			 0.667978			 0.644742
0.315507			 0.312765			 0.321344
1.82805			 1.82299			 1.84781
0.417031			 0.427575			 0.460103
0.412913			 0.423644			 0.427327
0.254278			 0.266974			 0.268432
3.29875			 3.30794			 3.27748
0.306319			 0.302291			 0.270713
0.830609			 0.820392			 0.84155
0.317094			 0.314633			 0.332594
3.69988			 3.70521			 3.70761
0.687605			 0.669888			 0.721991
6.35952			 6.37686			 6.40427
0.363727			 0.371153			 0.346172
1.15779			 1.15367			 1.17445
0.303456			 0.299176			 0.304123
2.42968			 2.4385			 2.43437
0.488767			 0.489183			 0.482795
0.98749			 0.98359			 0.998632
0.59099			 0.57593			 0.585021
4.74537			 4.75202			 4.74032
1.0268			 1.02339			 1.01187
2.52195			 2.53205			 2.51273
0.5291			 0.522183			 0.546734
5.00759			 5.01774			 5.04771
1.99098			 1.98992			 2.03255
1.07327			 1.06995			 1.04058
1.18163			 1.17712			 1.13989
2.25224			 2.25767			 2.27721
0.65677			 0.638749			 0.603977
0.765355			 0.751159			 0.715336
0.235447			 0.267363			 0.210991
0.373241			 0.382126			 0.420442
2.31398			 2.32072			 2.32121
2.16369			 2.16704			 2.18879
0.52819			 0.521427			 0.487395
0.245628			 0.266604			 0.268792
0.342262			 0.345297			 0.376603
2.39658			 2.40485			 2.4275
5.1833			 5.1961			 5.23041
1.01761			 1.01413			 1.04317
2.34129			 2.34856			 2.38704
1.09319			 1.08978			 1.05006
3.28296			 3.2923			 3.31637
1.24575			 1.24009			 1.23533
4.48519			 4.48943			 4.43991
0.289997			 0.285859			 0.280778
0.899691			 0.89309			 0.905035
0.369926			 0.378345			 0.355547
2.12123			 2.12354			 2.09686
0.97656			 0.972448			 0.93146
1.45601			 1.44736			 1.41588
0.975475			 0.97134			 0.957255
3.35023			 3.35891			 3.30822
1.26301			 1.25703			 1.23569
0.328668			 0.328589			 0.348633
0.767901			 0.753857			 0.75056
2.72301			 2.7347			 2.76714
0.680229			 0.662362			 0.696812
3.04084			 3.05209			 3.08918
0.77588			 0.762316			 0.749362
0.221032			 0.26637			 0.205818
2.31671			 2.3235			 2.34947
2.72416			 2.73585			 2.75807
0.636641			 0.618946			 0.674073
1.63948			 1.63122			 1.64507
0.518266			 0.513232			 0.543256
0.220943			 0.266337			 0.200319
0.337928			 0.339967			 0.377124
0.417243			 0.427776			 0.386906
2.96667			 2.97828			 2.92995
0.299767			 0.295293			 0.318048
4.18363			 4.1868			 4.19169
3.13115			 3.14179			 3.08964
6.78447			 6.78586			 6.82057
0.496174			 0.495203			 0.539031
0.473859			 0.477018			 0.476353
2.1088			 2.11079			 2.106
0.410844			 0.421644			 0.42667
0.242268			 0.266776			 0.252938
0.262565			 0.268794			 0.276326
1.82869			 1.82365			 1.85064
1.14406			 1.14013			 1.09591
1.12318			 1.11951			 1.15602
1.78952			 1.78364			 1.82949
0.659932			 0.6419			 0.674461
4.04609			 4.04942			 4.06813
0.765703			 0.751528			 0.75668
0.177268			 0.0258077			 0.189277
0.344052			 0.347492			 0.340791
1.62858			 1.62021			 1.62018
0.512954			 0.508876			 0.473882
1.88607			 1.88236			 1.90263
0.419035			 0.429467			 0.372416
1.74069			 1.73387			 1.77427
1.85268			 1.84818			 1.86932
6.43965			 6.45508			 6.45053
0.271548			 0.272581			 0.256801
0.246598			 0.266581			 0.271143
1.2943			 1.28774			 1.29272
1.03317			 1.02981			 1.02163
1.0173			 1.01381			 0.986312
1.52334			 1.51447			 1.55844
0.317929			 0.315621			 0.359337
0.243914			 0.266675			 0.217037
6.61536			 6.6249			 6.63381
1.95015			 1.94804			 1.97221
3.66801			 3.67362			 3.68418
0.219512			 0.26573			 0.219881
0.753965			 0.739107			 0.78171
0.905223			 0.898859			 0.892034
0.492473			 0.492195			 0.50902
1.16246			 1.15826			 1.16001
2.12865			 2.13114			 2.10513
0.194143			 0.203621			 0.216397
2.78092			 2.79277			 2.82223
3.09438			 3.10529			 3.08042
5.91389			 5.93493			 5.90654
3.139			 3.14958			 3.09358
2.21514			 2.21972			 2.24913
1.47109			 1.46236			 1.47707
3.7			 3.70533			 3.73532
0.76074			 0.746273			 0.75458
0.373224			 0.382105			 0.40832
0.618895			 0.601892			 0.607272
0.187189			 0.152035			 0.166966
0.815332			 0.804196			 0.793664
0.429087			 0.438742			 0.401236
0.243713			 0.266686			 0.310345
5.68694			 5.70657			 5.73077
4.76734			 4.77425			 4.7369
2.89176			 2.9036			 2.85924
1.03964			 1.03631			 1.0268
1.5945			 1.58587			 1.60196
6.68858			 6.69491			 6.73777
0.506812			 0.503859			 0.496699
0.741027			 0.725457			 0.687489
4.10149			 4.1047			 4.08209
1.25965			 1.25373			 1.27891
0.544072			 0.534739			 0.509511
5.27279			 5.28697			 5.24186
0.262955			 0.268919			 0.310132
0.440304			 0.448728			 0.441017
3.31378			 3.32283			 3.36347
0.61693			 0.600029			 0.618716
3.21261			 3.22258			 3.26243
0.206559			 0.250343			 0.208191
0.696374			 0.678891			 0.714703
4.72227			 4.72866			 4.76533
2.55134			 2.56177			 2.56746
3.40402			 3.41217			 3.39519
1.43482			 1.42633			 1.46826
6.2284			 6.24795			 6.1855
3.28824			 3.29753			 3.27693
0.319889			 0.317956			 0.366516
2.04954			 2.05			 2.00697
1.1171			 1.11349			 1.06902
0.189532			 0.172138			 0.230277
0.347001			 0.3511			 0.315993
0.930448			 0.925055			 0.954535
3.43383			 3.44169			 3.40034
1.10438			 1.10089			 1.12028
0.254853			 0.26705			 0.28565
3.79529			 3.79987			 3.75273
3.38521			 3.39355			 3.43905
1.90376			 1.90048			 1.89071
1.09844			 1.09499			 1.0403
1.13936			 1.13549			 1.17196
1.92509			 1.92234			 1.91711
0.40412			 0.415026			 0.450288
0.268143			 0.270923			 0.255666
0.691728			 0.674115			 0.715307
0.29621			 0.291703			 0.260788
0.556277			 0.545168			 0.589372
0.20584			 0.248738			 0.213788
0.920317			 0.914557			 0.930468
1.95549			 1.95352			 1.93525
0.682053			 0.66422			 0.691065
3.3803			 3.38869			 3.34851
0.830988			 0.820794			 0.845917
0.284264			 0.281021			 0.313801
0.695074			 0.677554			 0.642732
2.01243			 2.01192			 2.02075
0.497034			 0.495902			 0.473067
1.85566			 1.85123			 1.8458
0.542321			 0.533258			 0.498433
0.802045			 0.790092			 0.836443
0.699516			 0.682131			 0.670754
6.62122			 6.63051			 6.62689
0.270245			 0.271915			 0.284604
0.705506			 0.688324			 0.659657
3.36974			 3.37823			 3.39251
0.488814			 0.489221			 0.508657
4.60755			 4.61277			 4.64029
0.378965			 0.388543			 0.396798
1.03241			 1.02904			 1.02086
0.360185			 0.36698			 0.38586
1.74842			 1.74174			 1.75595
0.194923			 0.208021			 0.206217
0.60477			 0.588615			 0.568668
0.487729			 0.488339			 0.519212
0.405537			 0.416436			 0.383807
0.828391			 0.818043			 0.770469
0.347649			 0.351891			 0.368066
5.57566			 5.59409			 5.58288
3.29996			 3.30913			 3.29598
0.363468			 0.37085			 0.397856
2.01491			 2.01447			 1.99836
0.467922			 0.47213			 0.51134
1.03576			 1.03241			 1.07013
0.726361			 0.710054			 0.695708
0.804231			 0.792413			 0.809781
2.18391			 2.18775			 2.15861
4.82045			 4.82801			 4.86953
0.33975			 0.342209			 0.303395
2.44659			 2.45567			 2.41176
2.32792			 2.33493			 2.32323
0.317845			 0.315522			 0.287664
0.416458			 0.427032			 0.378273
1.00031			 0.996611			 0.979162
3.04472			 3.05595			 3.03681
3.31359			 3.32264			 3.32522
0.92234			 0.916655			 0.955007
0.316427			 0.313846			 0.371189
0.649566			 0.631609			 0.672857
2.43386			 2.44274			 2.39948
0.248293			 0.266576			 0.287297
0.874422			 0.866629			 0.819454
0.970075			 0.965822			 0.945205
0.178033			 0.0383882			 0.173452
0.530951			 0.523723			 0.489632
0.525927			 0.519551			 0.494609
0.706052			 0.688891			 0.648409
1.5688			 1.56003			 1.54142
2.78259			 2.79444			 2.7393
4.5124			 4.51682			 4.50464
1.49385			 1.48502			 1.53306
5.84407			 5.86486			 5.79948
1.56573			 1.55695			 1.57142
0.797776			 0.785559			 0.742521
1.03657			 1.03322			 1.00404
1.03086			 1.02748			 1.01215
3.26939			 3.27886			 3.2934
2.2992			 2.30564			 2.28102
0.210981			 0.258141			 0.255861
6.1564			 6.17674			 6.14237
0.61923			 0.60221			 0.654669
0.280052			 0.277854			 0.314139
0.310368			 0.306826			 0.344846
0.350516			 0.355379			 0.359154
0.3797			 0.389356			 0.414314
3.29268			 3.30193			 3.25667
5.16048			 5.17294			 5.11999
0.356717			 0.362851			 0.364321
0.177564			 0.030737			 0.215166
0.611293			 0.594713			 0.626813
0.376851			 0.386189			 0.417661
0.370599			 0.379115			 0.369956
5.01405			 5.02429			 4.98824
2.71572			 2.72737			 2.75512
1.55653			 1.54771			 1.53914
3.11087			 3.12166			 3.15314
0.554215			 0.543393			 0.573924
0.591977			 0.57683			 0.534786
0.567646			 0.555058			 0.561599
2.69241			 2.70396			 2.67347
6.4995			 6.5132			 6.53889
0.584642			 0.570177			 0.578914
0.523834			 0.51782			 0.54107
0.335491			 0.336968			 0.316212
0.477026			 0.479613			 0.434752
0.79944			 0.787325			 0.764628
0.612309			 0.595668			 0.603889
0.458142			 0.463991			 0.444203
0.202757			 0.240581			 0.225832
3.72512			 3.73024			 3.68011
4.69583			 4.70193			 4.71834
1.84092			 1.83615			 1.87107
3.99922			 4.0027			 3.97839
0.911318			 0.905206			 0.862578
1.92226			 1.91944			 1.96583
0.774931			 0.761309			 0.812843
1.53958			 1.53072			 1.49473
3.34453			 3.35328			 3.3696
0.92177			 0.916064			 0.88735
1.48945			 1.48063			 1.48335
2.6867			 2.69821			 2.67585
2.41946			 2.42811			 2.45728
0.376798			 0.38613			 0.396736
1.2575			 1.25163			 1.29055
0.275967			 0.275126			 0.268151
0.307746			 0.303873			 0.356338
1.5916			 1.58294			 1.59692
0.255476			 0.267141			 0.281727
1.65772			 1.64967			 1.68796
0.75894			 0.744368			 0.750309
1.11432			 1.11074			 1.15201
1.08487			 1.08151			 1.02792
1.15955			 1.1554			 1.18828
0.704801			 0.687595			 0.704502
1.06288			 1.05958			 1.02294
0.48126			 0.483071			 0.460183
1.12827			 1.12454			 1.15797
0.34439			 0.347907			 0.305568
0.630072			 0.612586			 0.618234
1.16287			 1.15867			 1.14684
5.0016			 5.01166			 4.99886
0.397011			 0.407824			 0.383489
0.707412			 0.6903			 0.738334
6.53913			 6.55152			 6.54704
1.12815			 1.12442			 1.07585
0.691632			 0.674015			 0.661659
0.226293			 0.267533			 0.232796
1.68243			 1.67469			 1.69244
0.652459			 0.63447			 0.641681
2.33555			 2.34271			 2.29814
0.186467			 0.145202			 0.193331
1.02581			 1.02239			 0.967283
0.537186			 0.528934			 0.508186
1.4988			 1.48996			 1.50948
0.283522			 0.280438			 0.284541
0.545709			 0.536127			 0.512478
1.52201			 1.51314			 1.53462
0.224096			 0.267217			 0.21482
0.476742			 0.47938			 0.487743
1.78942			 1.78353			 1.79442
0.498983			 0.497486			 0.534088
0.477633			 0.480109			 0.435157
3.42703			 3.43496			 3.46729
0.32101			 0.319298			 0.331138
0.373351			 0.38225			 0.367996
1.85971			 1.85538			 1.85196
5.16789			 5.18046			 5.15479
2.37596			 2.38387			 2.4248
5.70745			 5.72728			 5.7557
1.66307			 1.65509			 1.68646
1.08193			 1.07859			 1.11703
0.354381			 0.360048			 0.388918
0.19673			 0.217325			 0.178861
0.811081			 0.799684			 0.757715
0.356334			 0.362393			 0.351482
1.96492			 1.96319			 1.93589
1.84976			 1.84519			 1.81505
0.766284			 0.752143			 0.7476
0.194361			 0.204874			 0.241638
3.10526			 3.1161			 3.07359
0.470376			 0.474154			 0.472314
5.5893			 5.60789			 5.58677
3.42766			 3.43557			 3.39378
4.17858			 4.18174			 4.21384
0.313979			 0.31098			 0.364456
0.323601			 0.322421			 0.28743
0.400714			 0.411603			 0.359621
1.32065			 1.31364			 1.35247
0.308172			 0.30435			 0.329069
1.2148			 1.20972			 1.20296
0.305915			 0.301847			 0.358071
0.954771			 0.950133			 0.945033
0.310266			 0.306711			 0.304529
0.464428			 0.469237			 0.481661
0.525794			 0.519441			 0.53773
5.26675			 5.28085			 5.2708
0.862576			 0.854167			 0.829307
2.71786			 2.72952			 2.68175
1.62328			 1.61487			 1.60348
0.312319			 0.30906			 0.338019
2.97829			 2.98986			 2.96985
1.27578			 1.26956			 1.26895
0.297882			 0.293369			 0.289913
0.355523			 0.361421			 0.369386
0.756583			 0.741875			 0.791463
0.53403			 0.526291			 0.496316
0.280452			 0.27814			 0.332726
0.374633			 0.383699			 0.331969
1.28437			 1.27799			 1.30137
0.652813			 0.63482			 0.691669
0.878676			 0.871095			 0.834112
0.644928			 0.627043			 0.624865
2.1939			 2.19799			 2.17041
1.45546			 1.44682			 1.4891
1.55037			 1.54153			 1.56266
0.350755			 0.355668			 0.310382
4.12193			 4.12512			 4.12522
2.4202			 2.42886			 2.47184
0.898495			 0.891841			 0.837644
4.48488			 4.48911			 4.49212
5.77344			 5.7938			 5.73978
4.20478			 4.20796			 4.15974
0.475604			 0.478448			 0.460639
0.299368			 0.294881			 0.294481
1.40039			 1.39223			 1.36656
0.332636			 0.333455			 0.289647
0.779153			 0.765789			 0.795966
0.323283			 0.322036			 0.299311
0.546655			 0.536931			 0.522374
2.71062			 2.72225			 2.71263
0.641369			 0.623556			 0.679692
0.20118			 0.235516			 0.21875
0.595849			 0.580372			 0.542769
0.782619			 0.769467			 0.792078
0.435955			 0.444898			 0.385854
0.41434			 0.425014			 0.460773
1.21874			 1.21359			 1.17449
0.441614			 0.449872			 0.419016
0.246165			 0.266589			 0.266603
6.1511			 6.17149			 6.18337
0.203941			 0.24397			 0.205611
3.40822			 3.41633			 3.39632
4.1045			 4.10771			 4.13879
0.19031			 0.178157			 0.227375
0.284018			 0.280827			 0.301083
0.607325			 0.590997			 0.643158
1.50966			 1.5008			 1.48391
1.01188			 1.00833			 0.969596
4.73532			 4.74186			 4.70928
0.192861			 0.19584			 0.169955
2.42148			 2.43017			 2.38379
0.434795			 0.443867			 0.464694
0.336861			 0.338654			 0.327139
0.656245			 0.638227			 0.655946
3.49502			 3.50227			 3.51705
0.584337			 0.569902			 0.587085
3.13986			 3.15043			 3.10593
2.30709			 2.31368			 2.27465
3.63629			 3.64218			 3.59096
0.686919			 0.669187			 0.680284
0.249986			 0.266619			 0.231245
0.236054			 0.26731			 0.234613
0.388473			 0.398884			 0.428454
2.70721			 2.71883			 2.73839
1.36284			 1.35517			 1.37707
3.37397			 3.38243			 3.36357
3.31263			 3.32168			 3.324
1.10424			 1.10075			 1.08451
0.181414			 0.0877749			 0.223707
0.909064			 0.90286			 0.887159
3.41678			 3.4248			 3.40315
0.53518			 0.527253			 0.519321
0.731182			 0.715108			 0.716808
0.998588			 0.994869			 0.965267
0.942195			 0.937189			 0.931482
1.31748			 1.31052			 1.33603
3.12379			 3.13449			 3.1597
0.196069			 0.214064			 0.178475
3.26483			 3.27433			 3.23973
1.46299			 1.4543			 1.48014
0.458715			 0.464472			 0.494781
3.15078			 3.16127			 3.13886
0.185031			 0.130659			 0.258735
0.208543			 0.254257			 0.265944
0.458352			 0.464168			 0.504065
0.779418			 0.766069			 0.744702
1.11631			 1.11271			 1.07824
4.75247			 4.7592			 4.71488
0.230693			 0.267661			 0.270712
1.67283			 1.66497			 1.70585
0.287775			 0.283916			 0.261385
1.27374			 1.26756			 1.25331
0.608192			 0.591806			 0.644622
0.263061			 0.268954			 0.265519
6.29619			 6.31474			 6.24825
0.950669			 0.945916			 0.925453
0.939123			 0.934019			 0.965549
1.00426			 1.00062			 0.95538
0.688885			 0.671199			 0.722894
1.647			 1.63882			 1.65562
1.03933			 1.036			 0.984792
0.317731			 0.315387			 0.288855
0.602331			 0.58635			 0.582324
0.234909			 0.267409			 0.206499
4.60851			 4.61373			 4.592
4.36067			 4.36422			 4.34945
1.74474			 1.738			 1.72401
2.08886			 2.09033			 2.05632
0.422857			 0.433033			 0.454479
1.3041			 1.29737			 1.33512
3.45868			 3.46628			 3.46294
4.95122			 4.96055			 4.93914
0.364632			 0.372213			 0.325785
0.374098			 0.383095			 0.368337
0.208178			 0.25359			 0.256606
0.558663			 0.547229			 0.592557
3.6892			 3.69462			 3.71153
0.726019			 0.709696			 0.703062
0.28157			 0.278956			 0.311184
0.199261			 0.228427			 0.250059
1.03661			 1.03326			 1.00223
1.00061			 0.996916			 1.03994
2.0625			 2.0633			 2.0132
0.359726			 0.366435			 0.340446
0.944011			 0.939061			 0.903767
0.638009			 0.620277			 0.67569
0.818604			 0.807667			 0.787742
1.09363			 1.09022			 1.0818
2.44496			 2.45401			 2.45978
1.53547			 1.52661			 1.57034
0.816487			 0.805421			 0.78516
2.37987			 2.38786			 2.41596
1.15466			 1.15058			 1.15957
0.467049			 0.471409			 0.4451
0.860639			 0.852126			 0.826021
1.53429			 1.52542			 1.48042
0.276577			 0.275511			 0.293822
0.59482			 0.579429			 0.549392
5.84163			 5.8624			 5.82595
5.29214			 5.30662			 5.31884
1.59408			 1.58544			 1.58983
4.26532			 4.26858			 4.28257
0.754192			 0.739346			 0.759005
4.18365			 4.18682			 4.21691
0.229474			 0.267678			 0.236995
4.7601			 4.76692			 4.77711
0.27208			 0.272864			 0.290197
2.93452			 2.94625			 2.89273
5.17349			 5.18615			 5.14188
2.82825			 2.84014			 2.79496
3.21869			 3.22861			 3.22225
0.377734			 0.387174			 0.403258
0.192199			 0.191543			 0.266727
2.67273			 2.68417			 2.69422
0.774327			 0.760669			 0.81325
0.465494			 0.470122			 0.428607
0.209432			 0.255785			 0.206767
5.0204			 5.03073			 5.02362
4.75874			 4.76555			 4.74533
0.241478			 0.266834			 0.243126
0.722203			 0.705703			 0.75737
4.19721			 4.20038			 4.24098
0.413365			 0.424078			 0.396154
2.08426			 2.08562			 2.0959
2.37915			 2.38712			 2.36222
0.264837			 0.269572			 0.318366
4.93205			 4.94111			 4.97399
2.06688			 2.06779			 2.09818
2.29059			 2.29684			 2.29891
2.81999			 2.83188			 2.86112
3.15806			 3.1685			 3.19302
1.62489			 1.61649			 1.66017
0.312973			 0.309813			 0.309151
4.21728			 4.22047			 4.21301
0.959865			 0.955362			 0.96004
0.401378			 0.412274			 0.356912
0.458253			 0.464085			 0.416456
0.345727			 0.349543			 0.366249
0.94313			 0.938153			 0.887708
1.21791			 1.21277			 1.22086
0.523			 0.517131			 0.501162
3.13457			 3.14519			 3.14335
1.86411			 1.85988			 1.82254
3.30866			 3.31775			 3.32767
1.71195			 1.70465			 1.73988
0.357351			 0.363609			 0.333057
0.673483			 0.655519			 0.623187
3.52949			 3.53639			 3.57567
0.243217			 0.266715			 0.242938
1.0917			 1.0883			 1.03894
2.27031			 2.27613			 2.23601
0.368885			 0.377147			 0.355305
2.36294			 2.37062			 2.38482
1.41046			 1.4022			 1.35727
1.55524			 1.54641			 1.52666
1.94203			 1.93971			 1.90151
5.00333			 5.01341			 4.97379
3.07037			 3.08144			 3.0309
0.185905			 0.139666			 0.220209
1.93058			 1.92797			 1.91578
0.604341			 0.588216			 0.596102
0.313164			 0.310035			 0.343917
4.11299			 4.11619			 4.15356
0.555606			 0.54459			 0.516636
0.419773			 0.430159			 0.414475
0.282038			 0.279305			 0.293835
0.646368			 0.628458			 0.673783
0.209002			 0.255062			 0.262257
0.905243			 0.898881			 0.909273
0.21277			 0.260428			 0.209664
1.8237			 1.81854			 1.81343
1.84695			 1.84232			 1.89483
0.316206			 0.313586			 0.31105
3.27801			 3.2874			 3.25093
1.25123			 1.24547			 1.2774
3.16961			 3.17995			 3.1978
0.86967			 0.861634			 0.858962
0.216249			 0.263733			 0.284421
1.45222			 1.44359			 1.47716
5.87912			 5.90006			 5.88489
0.233275			 0.267533			 0.291189
1.98688			 1.98571			 1.9839
0.383998			 0.394067			 0.346684
0.670649			 0.652657			 0.69899
4.62796			 4.63336			 4.59868
2.30824			 2.31486			 2.29969
3.47915			 3.48655			 3.51592
0.291471			 0.287192			 0.26441
0.827096			 0.816671			 0.815151
0.308915			 0.305183			 0.34043
0.953856			 0.949193			 0.989476
3.11606			 3.12682			 3.11859
1.43353			 1.42505			 1.43187
0.959513			 0.955001			 0.975061
1.16282			 1.15862			 1.10983
0.789041			 0.776284			 0.80631
0.592577			 0.577377			 0.561597
0.319859			 0.317919			 0.330443
0.325014			 0.324134			 0.29003
2.83927			 2.85116			 2.81031
0.962089			 0.957644			 0.943084
1.12344			 1.11977			 1.10602
0.190249			 0.177699			 0.251183
4.95319			 4.96254			 4.91084
0.463555			 0.468512			 0.502787
5.51268			 5.53032			 5.48107
0.254179			 0.266961			 0.266393
0.507282			 0.504242			 0.457362
4.37448			 4.37809			 4.34285
0.708333			 0.691255			 0.648497
2.58564			 2.59641			 2.57525
4.63347			 4.63893			 4.60126
4.80996			 4.81739			 4.8431
4.67028			 4.67611			 4.6501
0.449718			 0.456863			 0.417503
1.19228			 1.18759			 1.20094
4.79598			 4.80324			 4.82724
0.362047			 0.369179			 0.376863
0.205866			 0.248798			 0.226344
0.347434			 0.351628			 0.302456
1.68586			 1.67817			 1.67735
0.301956			 0.297579			 0.312367
1.31136			 1.30451			 1.29979
2.17209			 2.17565			 2.18466
1.57576			 1.56701			 1.59316
0.462467			 0.467607			 0.421918
1.49994			 1.4911			 1.52867
1.54442			 1.53557			 1.55663
0.742574			 0.727086			 0.759182
0.821355			 0.810585			 0.769881
6.49866			 6.51238			 6.50625
0.591592			 0.576479			 0.5456
0.458832			 0.46457			 0.468523
0.313142			 0.310009			 0.324062
1.04485			 1.04154			 1.00376
0.294438			 0.289978			 0.309519
0.252899			 0.266819			 0.313243
0.605015			 0.588843			 0.638394
2.3121			 2.31879			 2.2716
0.921102			 0.915372			 0.903792
4.3022			 4.30555			 4.3087
0.273829			 0.27384			 0.303751
0.241665			 0.26682			 0.281874
0.652199			 0.634212			 0.597197
1.08279			 1.07944			 1.12041
2.43068			 2.43952			 2.41045
5.74691			 5.76707			 5.70011
1.26158			 1.25563			 1.22137
0.774967			 0.761348			 0.782334
0.790087			 0.777395			 0.812629
0.932365			 0.927037			 0.875566
2.7976			 2.80947			 2.84112
0.734395			 0.71848			 0.771729
1.20131			 1.19647			 1.17883
0.5874			 0.572669			 0.559832
1.21496			 1.20987			 1.18635
0.540406			 0.531641			 0.560696
0.803858			 0.792017			 0.767146
0.448081			 0.455463			 0.429133
0.897971			 0.891294			 0.852354
2.74407			 2.75583			 2.7615
0.311667			 0.30831			 0.3091
0.280417			 0.278115			 0.29273
0.257231			 0.267443			 0.312651
0.49098			 0.490982			 0.466848
6.32249			 6.34056			 6.3451
5.1576			 5.17001			 5.13094
1.16063			 1.15646			 1.12129
1.48832			 1.47951			 1.45937
5.09814			 5.10965			 5.1154
0.499427			 0.497847			 0.53717
0.295068			 0.290586			 0.325556
4.82341			 4.83101			 4.82058
0.211238			 0.258497			 0.272718
0.286223			 0.282609			 0.336936
2.98565			 2.99719			 2.99454
1.13852			 1.13466			 1.12651
0.681034			 0.663181			 0.710046
0.524261			 0.518172			 0.552052
0.333352			 0.334336			 0.374217
0.897824			 0.891141			 0.848177
0.55216			 0.541629			 0.572796
0.56101			 0.549264			 0.530781
2.60314			 2.61408			 2.56467
0.514414			 0.510071			 0.511527
0.185971			 0.140325			 0.174701
0.250542			 0.266644			 0.304365
0.905955			 0.899623			 0.847945
0.469114			 0.473115			 0.434035
2.32418			 2.33112			 2.37152
0.973672			 0.969499			 0.930692
0.4431			 0.451165			 0.397316
0.328958			 0.328944			 0.351033
0.265465			 0.269809			 0.309955
2.32349			 2.33041			 2.35563
0.203631			 0.243115			 0.261756
1.42843			 1.42			 1.42011
5.70857			 5.72841			 5.74365
6.76581			 6.76824			 6.79509
1.01902			 1.01555			 0.977752
0.258636			 0.267735			 0.261189
0.456896			 0.462945			 0.501857
0.637354			 0.61964			 0.632349
3.15576			 3.16622			 3.17678
0.20425			 0.244801			 0.243995
1.49808			 1.48924			 1.45015
3.42999			 3.43788			 3.40224
1.47316			 1.46442			 1.46929
2.48597			 2.49561			 2.45208
0.605446			 0.589245			 0.604333
0.662623			 0.644591			 0.620995
0.297848			 0.293335			 0.270488
0.438334			 0.446998			 0.403211
2.74686			 2.75863			 2.75076
2.16768			 2.17113			 2.14693
1.14394			 1.14001			 1.12918
0.203943			 0.243975			 0.249637
0.332234			 0.332962			 0.34673
0.49435			 0.493721			 0.454674
5.06161			 5.07256			 5.0482
1.08963			 1.08624			 1.07022
2.64983			 2.66112			 2.6428
0.380844			 0.390619			 0.347288
3.04647			 3.05769			 3.00469
1.22204			 1.21682			 1.16558
1.23389			 1.22846			 1.21169
0.89225			 0.885316			 0.847942
0.327946			 0.327707			 0.340487
1.39419			 1.38612			 1.33837
1.96259			 1.9608			 1.96902
0.835726			 0.825811			 0.870945
0.29703			 0.292516			 0.351557
0.468583			 0.472677			 0.431964
0.349074			 0.353626			 0.372145
0.199917			 0.230972			 0.212973
0.295828			 0.291327			 0.287866
2.12853			 2.13102			 2.15814
0.947148			 0.942292			 0.959053
0.344457			 0.347989			 0.328517
0.487286			 0.487979			 0.44572
0.258164			 0.267632			 0.261593
4.14554			 4.14872			 4.16709
0.249598			 0.266604			 0.254653
0.281651			 0.279016			 0.32883
0.473596			 0.476802			 0.443372
0.716979			 0.70025			 0.728929
2.15203			 2.15511			 2.19296
0.747228			 0.731993			 0.688293
0.193558			 0.200157			 0.242697
0.399439			 0.410308			 0.401616
0.330128			 0.330377			 0.301641
0.261069			 0.268348			 0.303573
3.15568			 3.16614			 3.16028
3.5212			 3.52818			 3.5058
6.12711			 6.14768			 6.14203
5.22487			 5.23832			 5.21064
6.72271			 6.72738			 6.6996
1.13856			 1.1347			 1.15113
2.15378			 2.15689			 2.1768
3.84954			 3.85377			 3.83095
0.312596			 0.309378			 0.277275
0.944213			 0.939269			 0.945454
0.66423			 0.646201			 0.690461
1.00414			 1.0005			 0.946152
4.63605			 4.64154			 4.68431
3.33146			 3.34033			 3.32189
0.812124			 0.800791			 0.84431
0.405948			 0.416844			 0.403585
0.386748			 0.397038			 0.420543
0.596516			 0.580985			 0.63325
4.73532			 4.74186			 4.77789
0.627802			 0.610401			 0.578196
0.329141			 0.329168			 0.327579
0.569694			 0.556858			 0.578392
5.90778			 5.92881			 5.89968
1.41863			 1.41029			 1.44769
4.19052			 4.19369			 4.21434
0.255137			 0.267091			 0.230459
0.537826			 0.529472			 0.485486
1.50932			 1.50046			 1.50255
0.765818			 0.75165			 0.745548
4.02689			 4.03028			 4.07002
0.487294			 0.487985			 0.523729
0.247555			 0.266572			 0.312311
1.80213			 1.79651			 1.78533
0.231868			 0.267616			 0.260608
0.841988			 0.832436			 0.832667
0.317435			 0.315036			 0.373151
1.90405			 1.90078			 1.88067
5.79249			 5.81299			 5.76754
3.31444			 3.32348			 3.3664
2.78304			 2.79489			 2.7961
0.409924			 0.420749			 0.419525
0.296485			 0.291975			 0.264827
0.190177			 0.177151			 0.236209
1.83459			 1.82968			 1.83927
5.25801			 5.27197			 5.24527
0.324616			 0.32365			 0.323816
0.521939			 0.516255			 0.497921
5.92513			 5.9462			 5.9427
4.4515			 4.45552			 4.43589
1.17813			 1.17368			 1.1288
0.91215			 0.906072			 0.946653
2.20445			 2.20878			 2.23591
1.10269			 1.09921			 1.12096
4.66867			 4.67448			 4.71947
3.76996			 3.77474			 3.81518
3.99663			 4.00012			 3.95295
1.29978			 1.29312			 1.33948
1.21005			 1.20505			 1.15305
0.730457			 0.714347			 0.696039
0.276279			 0.275322			 0.286886
2.97852			 2.99009			 2.98852
1.41601			 1.40769			 1.4211
0.195582			 0.211555			 0.228962
2.10848			 2.11046			 2.14211
0.654482			 0.636476			 0.607677
3.18767			 3.19786			 3.17217
5.50694			 5.52451			 5.55139
0.890803			 0.883803			 0.889908
1.45507			 1.44643			 1.40862
0.215939			 0.263493			 0.229285
1.78389			 1.77789			 1.81059
0.651362			 0.633384			 0.598197
0.527001			 0.520441			 0.501424
0.22781			 0.267642			 0.243864
1.16812			 1.16384			 1.18938
0.296167			 0.291661			 0.302206
1.92415			 1.92138			 1.89784
1.97779			 1.97639			 1.98692
4.69281			 4.69888			 4.67466
0.33814			 0.340228			 0.297645
2.44165			 2.45065			 2.42421
3.50228			 3.50945			 3.47911
0.281255			 0.278724			 0.244994
2.97658			 2.98815			 2.96755
1.80434			 1.79877			 1.83468
0.296843			 0.29233			 0.263483
0.246722			 0.266579			 0.305363
0.968096			 0.963796			 0.911525
0.32904			 0.329045			 0.316933
0.40837			 0.41923			 0.426737
6.40945			 6.42565			 6.44121
0.4175			 0.428019			 0.453485
0.408101			 0.418966			 0.450343
2.18218			 2.18599			 2.19679
2.60943			 2.62042			 2.59335
6.47508			 6.48951			 6.45265
0.263281			 0.269026			 0.322159
1.67628			 1.66847			 1.65946
6.43049			 6.44615			 6.47206
2.03248			 2.0325			 2.06293
1.03905			 1.03572			 1.02476
1.76491			 1.75854			 1.79264
1.20829			 1.20332			 1.24578
6.31611			 6.33431			 6.34984
1.42595			 1.41754			 1.40064
0.707672			 0.69057			 0.714381
0.25942			 0.267917			 0.278
3.10313			 3.11398			 3.0987
0.475201			 0.478118			 0.481946
0.97772			 0.973633			 0.939415
1.7825			 1.77647			 1.75952
0.574234			 0.56087			 0.570202
0.467109			 0.471458			 0.48996
0.701507			 0.684187			 0.690051
0.257513			 0.267498			 0.235136
4.53603			 4.54064			 4.49468
0.670348			 0.652353			 0.612419
0.830324			 0.820091			 0.854136
0.345885			 0.349737			 0.331635
0.632851			 0.61527			 0.644848
5.38456			 5.40042			 5.35062
1.15028			 1.14627			 1.10372
1.43555			 1.42705			 1.46602
1.73289			 1.72593			 1.6825
1.05721			 1.05392			 1.06587
5.05991			 5.07083			 5.09777
1.05502			 1.05172			 1.0416
2.85941			 2.87129			 2.837
1.21129			 1.20627			 1.24099
1.63442			 1.62611			 1.65678
5.29946			 5.31405			 5.33295
0.817981			 0.807005			 0.836635
0.224279			 0.267252			 0.284705
2.47319			 2.48266			 2.44919
3.52202			 3.52899			 3.49193
0.231542			 0.267631			 0.228335
1.51829			 1.50942			 1.50418
2.19971			 2.20393			 2.15588
3.38454			 3.39289			 3.38584
0.40478			 0.415684			 0.433662
0.233081			 0.267546			 0.203352
1.165			 1.16077			 1.19229
0.266372			 0.270167			 0.27153
0.248688			 0.266581			 0.287996
0.448238			 0.455597			 0.473667
0.226433			 0.267547			 0.215289
0.374957			 0.384064			 0.413637
1.36526			 1.35756			 1.39614
5.95062			 5.97173			 5.99882
2.55797			 2.56847			 2.51269
1.0131			 1.00957			 0.958815
1.0391			 1.03576			 1.04949
0.285962			 0.282393			 0.320181
5.50076			 5.51824			 5.4594
3.66614			 3.67176			 3.71936
1.31665			 1.3097			 1.30191
0.319043			 0.316945			 0.294315
1.41669			 1.40836			 1.37945
1.9779			 1.9765			 1.98719
1.10818			 1.10466			 1.1322
0.233302			 0.267531			 0.244098
0.205424			 0.247759			 0.202896
2.37488			 2.38278			 2.38047
0.255279			 0.267111			 0.301508
0.402646			 0.41355			 0.363925
0.205643			 0.24828			 0.188466
0.177833			 0.0351499			 0.205792
6.36373			 6.38098			 6.34059
0.933026			 0.927722			 0.930402
2.34734			 2.35473			 2.3652
2.35529			 2.36283			 2.3721
0.35922			 0.365835			 0.34741
0.875494			 0.867755			 0.876821
1.54069			 1.53184			 1.53394
1.37049			 1.36271			 1.33338
0.303883			 0.299635			 0.302536
0.205194			 0.247203			 0.217158
1.06639			 1.06309			 1.05305
0.500008			 0.49832			 0.461497
3.83406			 3.83839			 3.83875
0.320826			 0.319077			 0.295626
4.23052			 4.23372			 4.19671
3.26326			 3.27279			 3.28258
6.18819			 6.20822			 6.18014
0.577998			 0.564218			 0.578134
1.3067			 1.29993			 1.27072
2.62353			 2.63463			 2.61582
1.8213			 1.81609			 1.86753
4.00284			 4.0063			 3.99601
0.50227			 0.50016			 0.513673
0.218158			 0.265013			 0.208889
0.840431			 0.83079			 0.797746
2.34109			 2.34835			 2.34973
0.862804			 0.854407			 0.843385
1.01834			 1.01487			 1.02962
1.94195			 1.93963			 1.95559
1.63746			 1.62918			 1.62463
4.51225			 4.51667			 4.54403
1.68281			 1.67508			 1.68716
6.10078			 6.12152			 6.12304
1.288			 1.28156			 1.30238
0.51049			 0.506861			 0.508742
2.45198			 2.46114			 2.42803
4.00355			 4.00702			 3.99529
5.91005			 5.93108			 5.90944
0.284946			 0.281566			 0.310473
0.998885			 0.99517			 0.999273
0.899743			 0.893144			 0.931863
3.75137			 3.75628			 3.77922
1.1377			 1.13385			 1.16038
0.373438			 0.382348			 0.330527
4.20913			 4.21231			 4.17757
6.60733			 6.61719			 6.60914
1.83279			 1.82784			 1.80763
0.426832			 0.43669			 0.469559
0.269893			 0.271742			 0.244596
0.881079			 0.873617			 0.902473
2.19932			 2.20353			 2.20003
3.68341			 3.68888			 3.67241
2.97393			 2.98551			 2.962
0.266397			 0.270177			 0.283482
4.69059			 4.69663			 4.6573
0.59178			 0.57665			 0.548254
0.896117			 0.889358			 0.90813
2.28888			 2.2951			 2.2701
1.04564			 1.04233			 0.993729
0.399227			 0.410093			 0.417422
0.836238			 0.826353			 0.790523
0.677188			 0.659273			 0.655446
4.83757			 4.84535			 4.80124
0.887591			 0.88044			 0.855937
1.44486			 1.43629			 1.45936
0.650077			 0.632114			 0.607444
0.336455			 0.338154			 0.310897
4.10793			 4.11113			 4.13686
5.71251			 5.73238			 5.70943
1.05453			 1.05124			 1.00478
3.95834			 3.96198			 3.91671
1.95006			 1.94795			 1.99566
0.221229			 0.266441			 0.232336
0.537168			 0.528919			 0.552256
3.10172			 3.11258			 3.07442
0.598573			 0.582878			 0.554573
2.01629			 2.01589			 1.97031
0.316248			 0.313635			 0.339
0.494816			 0.494099			 0.528958
1.12879			 1.12505			 1.08499
0.415675			 0.426288			 0.4133
0.505482			 0.502775			 0.467501
6.7035			 6.70912			 6.73286
0.640087			 0.622303			 0.640387
3.76844			 3.77323			 3.82129
2.24603			 2.25132			 2.29608
1.22398			 1.21873			 1.19259
3.47366			 3.48112			 3.43234
0.293557			 0.289137			 0.290116
1.15746			 1.15334			 1.19206
2.76905			 2.78088			 2.79189
0.183306			 0.111384			 0.172475
0.436848			 0.445688			 0.388993
0.985105			 0.981163			 1.00368
0.44252			 0.450661			 0.443794
0.258974			 0.267812			 0.22431
0.394761			 0.4055			 0.431964
0.928609			 0.923151			 0.891898
3.01309			 3.02449			 2.99665
0.833115			 0.823047			 0.792539
0.245491			 0.266608			 0.237743
1.24724			 1.24155			 1.24519
3.8272			 3.83156			 3.86185
2.14088			 2.14367			 2.16535
0.325727			 0.325001			 0.347583
0.551209			 0.540814			 0.552948
0.259439			 0.267922			 0.236723
3.05378			 3.06495			 3.0118
1.64607			 1.63789			 1.63292
6.0037			 6.02479			 5.97145
1.69662			 1.68909			 1.6659
0.287651			 0.28381			 0.286742
0.210747			 0.257809			 0.265669
6.46782			 6.48247			 6.42905
0.352979			 0.35836			 0.368487
0.51332			 0.509176			 0.465479
0.393088			 0.403757			 0.369512
0.191115			 0.184074			 0.259971
0.917467			 0.911598			 0.917147
0.355001			 0.360794			 0.378429
2.52868			 2.53886			 2.50677
1.30703			 1.30025			 1.29113
0.860978			 0.852484			 0.874546
2.53314			 2.54337			 2.57565
1.76469			 1.75831			 1.75544
0.390141			 0.400655			 0.439381
0.774142			 0.760473			 0.727687
2.37024			 2.37805			 2.34101
3.54679			 3.55352			 3.53606
3.3962			 3.40443			 3.42847
0.64377			 0.625907			 0.612399
0.491793			 0.491643			 0.525956
0.319796			 0.317844			 0.303447
0.333397			 0.334391			 0.312736
0.475047			 0.477992			 0.487541
1.18031			 1.17583			 1.18063
0.328582			 0.328484			 0.382929
1.48347			 1.47468			 1.50526
0.358182			 0.3646			 0.398167
0.712462			 0.695546			 0.69925
4.24788			 4.25111			 4.26043
0.285148			 0.281729			 0.331641
1.25394			 1.24812			 1.25228
0.546466			 0.53677			 0.50983
4.18142			 4.18459			 4.13885
0.789943			 0.777242			 0.737485
0.357689			 0.364012			 0.34754
5.16543			 5.17796			 5.15779
0.477247			 0.479793			 0.446945
0.437083			 0.445896			 0.427382
3.29032			 3.29959			 3.33583
5.42091			 5.43729			 5.44368
5.38331			 5.39915			 5.38187
4.25085			 4.25408			 4.23572
2.3696			 2.3774			 2.33279
0.900646			 0.894087			 0.871536
0.954706			 0.950066			 0.958382
0.889638			 0.882583			 0.881529
2.13729			 2.14			 2.12961
0.202824			 0.240781			 0.212384
4.68079			 4.68673			 4.69291
0.310057			 0.306473			 0.331032
0.187327			 0.153308			 0.226793
0.951975			 0.947259			 0.905083
5.5617			 5.57997			 5.58735
5.60248			 5.62123			 5.63038
0.355045			 0.360846			 0.355788
0.712966			 0.69607			 0.734585
0.226056			 0.267509			 0.215066
0.461578			 0.466866			 0.504638
1.55955			 1.55074			 1.56109
0.238638			 0.267075			 0.285869
3.11502			 3.12578			 3.09827
1.23696			 1.23147			 1.24082
2.54744			 2.55783			 2.59921
0.341161			 0.343944			 0.373711
1.44691			 1.43832			 1.4536
0.720608			 0.704037			 0.67172
0.344172			 0.347639			 0.332767
0.729316			 0.71315			 0.731754
2.43802			 2.44696			 2.414
1.39876			 1.39062			 1.42585
3.65356			 3.65929			 3.65333
2.0723			 2.07335			 2.02559
3.14424			 3.15478			 3.1858
5.4282			 5.44469			 5.43202
1.02272			 1.01928			 0.993294
3.3065			 3.31562			 3.26752
0.217007			 0.264282			 0.199919
1.15304			 1.14898			 1.13486
0.502407			 0.500271			 0.476028
1.1768			 1.17238			 1.20376
6.78151			 6.78307			 6.74987
0.842926			 0.833429			 0.821029
0.581931			 0.567738			 0.623056
1.91888			 1.91597			 1.93907
1.87593			 1.87197			 1.86283
0.604261			 0.588142			 0.556411
0.929984			 0.924574			 0.959729
0.621276			 0.604156			 0.642642
5.93608			 5.95716			 5.93085
5.86826			 5.88916			 5.82238
0.190783			 0.181672			 0.209787
0.347938			 0.352243			 0.360797
3.92827			 3.93205			 3.89036
3.63551			 3.6414			 3.67718
0.664537			 0.646509			 0.689118
6.53061			 6.54329			 6.56875
0.317451			 0.315055			 0.362452
0.340215			 0.342781			 0.315793
4.46868			 4.47281			 4.43727
1.11638			 1.11278			 1.06895
0.796201			 0.783887			 0.824435
0.181054			 0.0829761			 0.181451
0.320817			 0.319067			 0.31926
0.196671			 0.21704			 0.226592
0.928719			 0.923266			 0.927001
0.998582			 0.994863			 1.036
5.38539			 5.40127			 5.35455
0.496455			 0.495431			 0.470792
2.84389			 2.85578			 2.80472
1.10403			 1.10055			 1.0592
0.731166			 0.715091			 0.745899
1.04043			 1.0371			 1.06552
0.217429			 0.264564			 0.196198
3.88974			 3.89372			 3.92809
0.253258			 0.266856			 0.311949
0.185089			 0.131272			 0.165698
1.32966			 1.3225			 1.34659
0.445917			 0.453602			 0.39674
3.4892			 3.4965			 3.49848
3.03916			 3.05042			 3.08427
0.504689			 0.502129			 0.543743
0.779761			 0.766433			 0.729363
0.225368			 0.267425			 0.236665
0.794368			 0.78194			 0.791684
0.664788			 0.646761			 0.656318
0.627732			 0.610334			 0.657486
0.514689			 0.510296			 0.541378
1.0879			 1.08453			 1.05039
0.487718			 0.48833			 0.507818
1.53651			 1.52764			 1.56704
0.179617			 0.0627502			 0.177162
0.446146			 0.453799			 0.421608
2.93962			 2.95133			 2.91688
2.12676			 2.1292			 2.13472
4.6387			 4.64421			 4.59495
1.34454			 1.33714			 1.30257
5.93062			 5.95169			 5.97959
0.259629			 0.267969			 0.256989
2.79049			 2.80235			 2.76869
0.193142			 0.197607			 0.219708
0.310362			 0.306819			 0.36849
0.742159			 0.726648			 0.71941
0.388848			 0.399283			 0.42934
0.390168			 0.400684			 0.367612
0.526965			 0.520411			 0.54704
0.982638			 0.978649			 0.953265
2.51806			 2.52811			 2.47449
4.02151			 4.02491			 4.07322
0.540099			 0.531383			 0.503777
2.26169			 2.26732			 2.2573
0.426406			 0.4363			 0.47468
0.84314			 0.833655			 0.824187
2.73612			 2.74785			 2.76197
3.93647			 3.94021			 3.96074
0.650334			 0.632368			 0.638474
0.994866			 0.99109			 1.01923
0.336862			 0.338655			 0.316525
5.39938			 5.41546			 5.36634
0.474992			 0.477947			 0.504502
0.21964			 0.26579			 0.208599
0.202834			 0.240813			 0.242761
0.182499			 0.101643			 0.215775
3.12438			 3.13507			 3.08978
0.338313			 0.340441			 0.392566
1.24838			 1.24268			 1.25883
1.44593			 1.43735			 1.4521
0.594332			 0.578982			 0.632516
0.623086			 0.605883			 0.625819
4.94377			 4.953			 4.91367
6.57712			 6.58815			 6.5758
1.3897			 1.38168			 1.43129
1.09707			 1.09364			 1.08793
2.13702			 2.13972			 2.18125
1.32853			 1.32139			 1.2958
0.202794			 0.240693			 0.223531
4.30583			 4.30919			 4.26218
2.81745			 2.82934			 2.78894
0.317913			 0.315602			 0.288694
4.1299			 4.13308			 4.14012
0.31476			 0.311891			 0.356252
1.07417			 1.07085			 1.01476
1.17929			 1.17483			 1.12227
5.12813			 5.14009			 5.12758
3.21712			 3.22706			 3.2151
0.845196			 0.835828			 0.796495
0.513657			 0.509451			 0.466432
0.405163			 0.416064			 0.35887
0.373229			 0.382112			 0.415578
1.10956			 1.10602			 1.10117
0.300409			 0.295956			 0.266457
0.789762			 0.777049			 0.806145
3.85943			 3.86359			 3.83271
0.353778			 0.359323			 0.314852
0.399835			 0.410711			 0.381018
0.19774			 0.222011			 0.261377
2.19204			 2.19608			 2.19278
0.252889			 0.266818			 0.239605
1.97003			 1.96843			 2.01698
0.242201			 0.266781			 0.246464
2.01809			 2.01773			 1.99155
0.6072			 0.590879			 0.634385
0.715531			 0.69874			 0.731803
0.527575			 0.520917			 0.505823
0.230875			 0.267655			 0.24483
0.239987			 0.266955			 0.246042
2.94192			 2.95363			 2.90278
3.05548			 3.06664			 3.09578
0.19156			 0.187205			 0.221881
0.602122			 0.586157			 0.635665
1.74638			 1.73967			 1.79247
0.258537			 0.267713			 0.249027
2.02663			 2.0265			 2.06113
1.03397			 1.03061			 1.06003
1.58223			 1.57352			 1.61177
1.15284			 1.14879			 1.13636
0.593706			 0.578409			 0.555625
3.39048			 3.39877			 3.35379
0.570485			 0.557555			 0.516762
1.79263			 1.78681			 1.82587
0.246818			 0.266578			 0.240679
5.35025			 5.36561			 5.32751
0.458653			 0.464421			 0.430291
1.33594			 1.32868			 1.2873
0.279473			 0.277446			 0.278925
0.214276			 0.262029			 0.218152
2.24426			 2.24951			 2.21118
0.32923			 0.329276			 0.376399
0.754503			 0.739676			 0.738614
0.597485			 0.581875			 0.575631
2.68408			 2.69558			 2.64309
0.72062			 0.704049			 0.709676
0.338957			 0.341234			 0.343332
5.73689			 5.75697			 5.78428
0.273249			 0.273509			 0.33581
0.945596			 0.940694			 0.908696
5.71282			 5.73269			 5.72464
5.53737			 5.55533			 5.53239
0.589141			 0.574249			 0.595016
0.758052			 0.743428			 0.699132
2.63678			 2.64798			 2.65659
0.770194			 0.756286			 0.754215
3.04732			 3.05854			 3.01398
1.97401			 1.97251			 2.01876
3.52537			 3.53231			 3.52141
3.94622			 3.94991			 3.94581
0.689416			 0.671743			 0.670498
0.777175			 0.76369			 0.798726
0.610064			 0.59356			 0.579918
0.680176			 0.662309			 0.704317
0.220052			 0.265976			 0.286522
0.359019			 0.365596			 0.3813
0.886209			 0.878993			 0.914825
0.885017			 0.877744			 0.896313
3.09301			 3.10393			 3.11825
0.565252			 0.55296			 0.578047
0.96577			 0.961415			 1.00379
1.45334			 1.44471			 1.47757
0.670834			 0.652843			 0.614436
1.89145			 1.88788			 1.89048
0.331451			 0.332			 0.343034
0.70045			 0.683095			 0.709788
0.286426			 0.282778			 0.266764
0.229083			 0.267676			 0.296292
5.67608			 5.69561			 5.63755
5.16123			 5.17369			 5.16441
0.186942			 0.149735			 0.166143
1.8518			 1.84728			 1.86593
1.30189			 1.2952			 1.33334
0.631296			 0.613767			 0.61725
5.43543			 5.45202			 5.47387
4.69135			 4.6974			 4.6786
2.43743			 2.44637			 2.48631
2.31848			 2.3253			 2.28636
0.764281			 0.750021			 0.7079
0.24755			 0.266572			 0.252268
1.01007			 1.0065			 1.04879
1.12867			 1.12494			 1.08021
0.178533			 0.0463152			 0.197118
0.201958			 0.238096			 0.267905
0.322298			 0.320847			 0.301815
0.229579			 0.267678			 0.255229
3.67175			 3.67732			 3.67369
0.365021			 0.372667			 0.405109
0.569721			 0.556881			 0.569885
0.550781			 0.540448			 0.510015
6.5994			 6.60958			 6.60067
0.488433			 0.488911			 0.52636
2.48252			 2.49212			 2.47261
1.81086			 1.80543			 1.84702
0.463937			 0.468829			 0.489958
4.32413			 4.32755			 4.3423
1.53637			 1.5275			 1.5647
0.511437			 0.507635			 0.518848
0.88984			 0.882795			 0.830103
1.68628			 1.67859			 1.7092
2.0447			 2.04503			 2.03729
0.451804			 0.45864			 0.402053
0.176943			 0.0202925			 0.232615
1.10974			 1.1062			 1.12468
0.480676			 0.482595			 0.480541
1.55776			 1.54894			 1.60336
0.731052			 0.714971			 0.676052
0.80363			 0.791775			 0.780075
0.873485			 0.865644			 0.912308
6.32597			 6.34399			 6.31116
1.67671			 1.6689			 1.71503
0.295975			 0.291472			 0.345747
3.72696			 3.73207			 3.70593
0.920922			 0.915184			 0.896318
4.50693			 4.51131			 4.51498
3.28162			 3.29097			 3.27588
0.234613			 0.267433			 0.264649
0.494589			 0.493915			 0.457499
0.277017			 0.275793			 0.306621
3.00498			 3.01643			 2.96314
4.02356			 4.02696			 4.03655
0.402264			 0.413167			 0.404089
6.70753			 6.71296			 6.73136
1.6017			 1.59311			 1.60853
3.74292			 3.7479			 3.72073
4.06051			 4.06381			 4.08886
4.3453			 4.3488			 4.37258
2.87562			 2.88749			 2.91143
0.494216			 0.493612			 0.45259
0.250195			 0.266628			 0.268992
6.3027			 6.32114			 6.29315
0.650049			 0.632086			 0.666616
4.52234			 4.52684			 4.49663
6.08031			 6.10117			 6.04899
4.48221			 4.48642			 4.5123
0.380308			 0.390029			 0.396335
0.238684			 0.26707			 0.297578
0.247097			 0.266575			 0.307174
0.613153			 0.596462			 0.6541
5.94111			 5.9622			 5.93337
0.283362			 0.280314			 0.279375
1.64748			 1.63931			 1.59948
0.26002			 0.268067			 0.278373
1.4349			 1.4264			 1.45749
0.707469			 0.690359			 0.722452
3.92956			 3.93334			 3.94955
1.50102			 1.49218			 1.45756
1.14531			 1.14136			 1.18253
3.16779			 3.17814			 3.19723
0.530696			 0.52351			 0.477265
0.199337			 0.228728			 0.188722
2.87678			 2.88864			 2.85661
4.9127			 4.92149			 4.9493
1.55988			 1.55107			 1.51622
2.88469			 2.89654			 2.85316
0.476178			 0.478918			 0.426371
1.59878			 1.59017			 1.56527
6.44929			 6.46445			 6.41113
0.232203			 0.267598			 0.257179
1.87529			 1.87132			 1.87611
0.773916			 0.760233			 0.777196
1.05571			 1.05242			 1.01861
1.73955			 1.73272			 1.75594
0.700831			 0.683489			 0.660839
0.908571			 0.902347			 0.923549
0.264536			 0.269462			 0.250585
0.927634			 0.922141			 0.944003
0.548883			 0.538828			 0.561313
0.61957			 0.602534			 0.572248
0.604481			 0.588347			 0.569651
3.81793			 3.82236			 3.82825
2.30361			 2.31014			 2.30877
4.39054			 4.39423			 4.43608
1.17595			 1.17154			 1.19004
0.541701			 0.532734			 0.574376
0.572344			 0.559196			 0.584324
0.88628			 0.879068			 0.843737
0.450913			 0.457882			 0.434215
2.28424			 2.29036			 2.31427
1.55035			 1.54151			 1.53238
4.86961			 4.87782			 4.86451
0.540136			 0.531414			 0.571888
1.85411			 1.84964			 1.89368
1.45654			 1.44788			 1.44359
0.17717			 0.024148			 0.198636
0.333615			 0.334659			 0.323696
4.96376			 4.97327			 4.94708
2.28967			 2.29591			 2.28788
0.690901			 0.673266			 0.656901
2.71459			 2.72624			 2.71827
4.75658			 4.76336			 4.73128
2.43117			 2.44001			 2.47277
0.974809			 0.97066			 0.924283
2.33988			 2.34713			 2.31544
6.18148			 6.20158			 6.13279
2.0186			 2.01826			 2.03566
0.307438			 0.303531			 0.319451
5.5462			 5.56427			 5.59612
0.188626			 0.164724			 0.171566
0.259138			 0.26785			 0.316006
6.61142			 6.62112			 6.60582
0.319564			 0.317567			 0.375449
2.45965			 2.46892			 2.4309
1.45564			 1.447			 1.45925
0.215346			 0.263005			 0.268385
3.07131			 3.08238			 3.06694
4.33144			 4.33488			 4.31337
1.17893			 1.17447			 1.21893
4.0219			 4.0253			 4.0727
1.51529			 1.50643			 1.55854
2.08092			 2.0822			 2.1253
1.3837			 1.37575			 1.38048
3.94578			 3.94948			 3.95628
0.296353			 0.291843			 0.298507
0.673253			 0.655287			 0.658502
1.59139			 1.58273			 1.56182
1.01027			 1.0067			 0.998012
0.277735			 0.276264			 0.321911
0.77804			 0.764608			 0.816942
0.541756			 0.53278			 0.494507
3.29477			 3.304			 3.28648
0.64212			 0.62429			 0.667254
0.24924			 0.266594			 0.258091
0.530444			 0.5233			 0.550197
0.501862			 0.499828			 0.478545
1.71709			 1.70988			 1.6934
0.408245			 0.419108			 0.430491
0.274052			 0.27397			 0.273123
0.851509			 0.842497			 0.854857
0.657867			 0.639841			 0.611521
2.69175			 2.70329			 2.65538
2.31359			 2.32032			 2.28963
3.97915			 3.98271			 3.99609
0.67594			 0.658007			 0.699539
1.10496			 1.10147			 1.10062
0.270737			 0.272162			 0.273809
0.189465			 0.171602			 0.201238
0.90788			 0.901627			 0.93766
3.11499			 3.12575			 3.07689
2.18893			 2.1929			 2.18231
2.43054			 2.43937			 2.40706
2.12878			 2.13127			 2.17772
0.391831			 0.402439			 0.385247
0.445786			 0.453489			 0.40484
4.50869			 4.51309			 4.49806
0.580873			 0.566789			 0.538074
1.4793			 1.47052			 1.48007
2.03652			 2.03664			 2.00065
2.16716			 2.1706			 2.17244
0.745505			 0.730176			 0.702461
3.14929			 3.1598			 3.18771
0.497908			 0.496612			 0.534218
2.90079			 2.91261			 2.91657
0.576066			 0.562497			 0.58007
4.69575			 4.70184			 4.71288
3.4279			 3.43581			 3.42907
1.47975			 1.47098			 1.42503
0.244955			 0.266627			 0.296897
0.353335			 0.358789			 0.339659
0.549608			 0.539446			 0.496486
0.442403			 0.450559			 0.445758
3.40398			 3.41213			 3.42814
1.16032			 1.15616			 1.16051
2.16464			 2.16802			 2.13464
0.195419			 0.210698			 0.221094
3.35248			 3.36114			 3.39087
0.39617			 0.406958			 0.412133
0.764645			 0.750407			 0.781212
0.223095			 0.266998			 0.251562
0.910136			 0.903976			 0.901858
1.93622			 1.93375			 1.92586
0.209995			 0.256685			 0.244781
1.393			 1.38494			 1.35233
0.579628			 0.565674			 0.530332
0.650185			 0.632221			 0.627336
2.41855			 2.42719			 2.42475
0.647617			 0.629688			 0.63983
0.758021			 0.743395			 0.756956
2.1619			 2.16521			 2.18437
0.736358			 0.720544			 0.735557
0.893105			 0.88621			 0.843814
4.3095			 4.31287			 4.32047
1.43668			 1.42817			 1.47021
0.176495			 0.0125095			 0.190697
0.246469			 0.266583			 0.250398
1.87974			 1.87587			 1.89243
1.01126			 1.00771			 1.02816
0.686203			 0.668455			 0.722518
0.487535			 0.488181			 0.461518
2.05981			 2.06054			 2.10566
2.02203			 2.02178			 1.99876
0.566882			 0.554388			 0.557737
0.498626			 0.497196			 0.510247
0.427288			 0.437106			 0.385311
0.2656			 0.269861			 0.273049
Testing loss 0.000956329
Testing accuracy 0.959405
